{1 : [[50,2,8,0,0,0,0,0,0,8,0,0,8,12,0,24,24,0,0,24,24,24,0,0,0,0,24,48,0,24,48,0,48],[1,20,1,0,12,6,0,8,0,28,28,44,0,42,0,0,6,24,24,0,24,24,24,0,0,0,0,12,0,12,24,12,24],[4,1,57,6,6,0,8,12,4,4,0,4,0,6,12,12,0,24,12,36,0,24,24,12,0,12,24,24,12,12,12,12,24],[0,0,4,50,2,8,0,16,0,0,8,0,8,8,16,0,8,16,0,0,16,16,24,24,24,16,24,16,16,16,16,16,32],[0,4,2,1,27,10,4,8,28,0,4,4,0,4,8,4,8,24,16,24,8,8,16,40,20,4,24,16,4,24,12,28,16],[0,2,0,4,10,50,12,8,12,0,4,12,4,8,8,2,4,16,16,8,12,16,12,20,16,24,16,12,24,20,12,20,16],[0,0,2,0,3,9,50,1,4,9,6,1,6,6,9,9,12,15,12,24,9,6,15,15,18,15,18,18,18,12,18,18,42],[0,2,3,6,6,6,1,50,10,5,4,10,3,0,9,3,9,15,12,12,18,21,15,9,6,12,18,18,21,24,21,9,42],[0,0,1,0,21,9,4,10,35,8,3,10,8,12,6,9,3,18,15,9,24,15,18,6,15,18,6,15,27,3,12,6,54],[1,7,1,0,0,0,9,5,8,32,28,0,0,6,6,21,15,12,9,18,30,6,18,15,3,9,18,24,18,15,9,21,36],[0,7,0,3,3,3,6,4,3,28,38,0,11,9,9,0,0,18,12,0,9,30,18,12,36,27,6,9,6,15,33,15,30],[0,11,1,0,3,9,1,10,10,0,0,56,2,0,9,9,6,6,21,21,21,15,18,9,27,24,12,6,9,18,6,24,36],[1,0,0,3,0,3,6,3,8,0,11,2,30,6,12,15,36,21,24,15,18,21,6,24,33,12,12,18,24,12,6,6,12],[1,7,1,2,2,4,4,0,8,4,6,0,4,29,0,18,10,20,20,14,18,14,24,28,20,26,4,36,8,14,8,26,20],[0,0,2,4,4,4,6,6,4,4,6,6,8,0,36,8,2,6,16,20,4,20,38,8,42,14,20,18,22,36,12,8,16],[2,0,2,0,2,1,6,2,6,14,0,6,10,18,8,27,4,14,12,30,24,18,14,22,18,28,16,14,12,6,38,6,20],[2,1,0,2,4,2,8,6,2,10,0,4,24,10,2,4,41,8,22,18,20,12,16,14,4,20,20,16,14,18,16,16,44],[0,2,2,2,6,4,5,5,6,4,6,2,7,10,3,7,4,46,18,13,9,26,17,19,14,10,10,16,23,10,19,31,44],[0,2,1,0,4,4,4,4,5,3,4,7,8,10,8,6,11,18,65,11,15,15,17,19,14,15,16,20,18,15,16,15,30],[1,0,3,0,6,2,8,4,3,6,0,7,5,7,10,15,9,13,11,56,6,19,15,14,22,17,24,23,16,20,2,18,38],[1,2,0,2,2,3,3,6,8,10,3,7,6,9,2,12,10,9,15,6,40,26,24,21,24,16,10,16,18,27,15,7,40],[1,2,2,2,2,4,2,7,5,2,10,5,7,7,10,9,6,26,15,19,26,44,17,6,8,25,20,19,10,28,16,12,26],[0,2,2,3,4,3,5,5,6,6,6,6,2,12,19,7,8,17,17,15,24,17,49,15,6,20,10,14,14,14,17,23,32],[0,0,1,3,10,5,5,3,2,5,4,3,8,14,4,11,7,19,19,14,21,6,15,51,16,9,30,11,25,16,17,20,26],[0,0,0,3,5,4,6,2,5,1,12,9,11,10,21,9,2,14,14,22,24,8,6,16,50,20,16,7,14,11,13,27,38],[0,0,1,2,1,6,5,4,6,3,9,8,4,13,7,14,10,10,15,17,16,25,20,9,20,40,20,10,31,10,14,24,26],[1,0,2,3,6,4,6,6,2,6,2,4,4,2,10,8,10,10,16,24,10,20,10,30,16,20,52,22,10,14,16,10,44],[2,1,2,2,4,3,6,6,5,8,3,2,6,18,9,7,8,16,20,23,16,19,14,11,7,10,22,52,19,14,17,8,40],[0,0,1,2,1,6,6,7,9,6,2,3,8,4,11,6,7,23,18,16,18,10,14,25,14,31,10,19,39,25,24,7,28],[1,1,1,2,6,5,4,8,1,5,5,6,4,7,18,3,9,10,15,20,27,28,14,16,11,10,14,14,25,46,21,27,16],[2,2,1,2,3,3,6,7,4,3,11,2,2,4,6,19,8,19,16,2,15,16,17,17,13,14,16,17,24,21,50,20,38],[0,1,1,2,7,5,6,3,2,7,5,8,2,13,4,3,8,31,15,18,7,12,23,20,27,24,10,8,7,27,20,48,26],[1,1,1,2,2,2,7,7,9,6,5,6,2,5,4,5,11,22,15,19,20,13,16,13,19,13,22,20,14,8,19,13,78]],3 : [[4]],113 : [[-6,8],[4,-6]],339 : [[20,1,-12,0,-8,0,20,-4,-44,0,-18,0,6,24,0,0,0,24,-24,0,0,0,-12,0,12,-24,12,24],[1,7,6,8,12,4,-4,0,4,0,6,-12,0,24,-12,12,0,24,-24,-12,0,12,0,12,-12,-12,-12,-24],[-4,2,25,-4,-8,-20,0,-4,4,0,4,0,-8,8,0,-8,8,8,-16,8,4,-4,0,4,8,-12,4,-16],[0,2,-3,14,1,-4,3,-4,1,0,6,9,0,-15,0,-6,-3,0,3,3,12,-15,-6,-18,-12,-6,18,-18],[-2,3,-6,1,14,-4,3,2,4,3,0,-3,3,-15,-6,6,18,3,9,-9,6,0,-6,-21,-6,9,-9,6],[0,1,-15,-4,-4,29,0,-3,-10,0,0,3,-3,0,3,9,0,-3,-6,6,3,6,-3,-3,-3,-12,-6,6],[5,-1,0,3,3,0,20,4,0,0,0,-21,3,0,-3,-18,-18,-6,12,9,3,9,0,-6,-3,3,3,24],[-1,0,-3,-4,2,-3,4,26,0,9,-9,0,0,18,0,0,9,18,0,0,-6,15,9,0,3,9,-15,6],[-11,1,3,1,4,-10,0,0,50,2,0,3,0,-6,-9,15,9,3,-6,-9,3,6,-6,-9,0,0,-6,-12],[0,0,0,0,3,0,0,9,2,16,0,-9,0,21,0,9,6,15,6,-12,3,12,0,-12,-6,6,0,12],[-3,1,2,4,0,0,0,-6,0,0,25,4,0,-4,-8,2,6,6,8,-4,12,-10,20,-8,-6,0,-2,-4],[0,-2,0,6,-2,2,-14,0,2,-6,4,15,-4,2,-4,22,0,2,-2,6,-10,-12,2,8,6,-2,2,-4],[1,0,-4,0,2,-2,2,0,0,0,0,-4,15,8,6,2,-12,-4,16,-2,4,20,-4,-6,10,12,8,28],[2,2,2,-5,-5,0,0,6,-2,7,-2,1,4,34,12,-1,3,16,-3,7,-4,0,8,3,0,-3,3,12],[0,-1,0,0,-2,1,-1,0,-3,0,-4,-2,3,12,17,1,1,-1,-11,5,2,7,4,2,1,-8,7,22],[0,1,-2,-2,2,3,-6,0,5,3,1,11,1,-1,1,34,2,-3,1,-4,10,5,1,-2,0,2,4,2],[0,0,2,-1,6,0,-6,3,3,2,3,0,-6,3,1,2,16,-6,-10,-7,4,8,-4,10,3,-1,-5,-16],[2,2,2,0,1,-1,-2,6,1,5,3,1,-2,16,-1,-3,-6,26,1,0,-4,3,3,4,4,0,-2,-6],[-2,-2,-4,1,3,-2,4,0,-2,2,4,-1,8,-3,-11,1,-10,1,11,-5,4,0,-6,6,2,-1,-9,20],[0,-1,2,1,-3,2,3,0,-3,-4,-2,3,-1,7,5,-4,-7,0,-5,21,-4,-3,3,-1,-8,3,12,-6],[0,0,1,4,2,1,1,-2,1,1,6,-5,2,-4,2,10,4,-4,4,-4,22,-12,-7,-4,-11,-1,11,6],[0,1,-1,-5,0,2,3,5,2,4,-5,-6,10,0,7,5,8,3,0,-3,-12,22,2,-5,0,8,-14,6],[-1,0,0,-2,-2,-1,0,3,-2,0,10,1,-2,8,4,1,-4,3,-6,3,-7,2,38,7,2,-7,0,4],[0,1,1,-6,-7,-1,-2,0,-3,-4,-4,4,-3,3,2,-2,10,4,6,-1,-4,-5,7,21,5,-8,3,8],[1,-1,2,-4,-2,-1,-1,1,0,-2,-3,3,5,0,1,0,3,4,2,-8,-11,0,2,5,18,5,7,0],[-2,-1,-3,-2,3,-4,1,3,0,2,0,-1,6,-3,-8,2,-1,0,-1,3,-1,8,-7,-8,5,16,8,-6],[1,-1,1,6,-3,-2,1,-5,-2,0,-1,1,4,3,7,4,-5,-2,-9,12,11,-14,0,3,7,8,20,6],[1,-1,-2,-3,1,1,4,1,-2,2,-1,-1,7,6,11,1,-8,-3,10,-3,3,3,2,4,0,-3,3,40]]}