{1 : [[50,10,0,20,0,0,20,10,30,20,60,0,60,0,0,60,60,0],[2,50,4,12,18,8,12,18,0,24,12,24,36,18,18,24,72,48],[0,4,50,4,20,4,10,10,0,16,18,36,36,24,36,36,36,60],[4,12,4,34,12,4,12,40,24,56,30,30,18,0,0,36,72,12],[0,9,10,6,60,6,7,9,24,14,30,21,24,24,18,30,60,48],[0,4,2,2,6,51,12,6,18,14,36,36,36,30,33,30,36,48],[2,6,5,6,7,12,41,7,12,38,27,24,39,42,12,18,36,66],[1,9,5,20,9,6,7,49,18,12,30,27,33,18,36,6,54,60],[2,0,0,8,16,12,8,12,60,20,30,22,24,26,28,32,56,44],[1,6,4,14,7,7,19,6,15,60,24,21,18,18,33,21,72,54],[2,2,3,5,10,12,9,10,15,16,73,30,33,22,22,24,60,52],[0,4,6,5,7,12,8,9,11,14,30,72,24,32,26,34,54,52],[2,6,6,3,8,12,13,11,12,12,33,24,64,22,34,26,52,60],[0,3,4,0,8,10,14,6,13,12,22,32,22,73,36,25,60,60],[0,3,6,0,6,11,4,12,14,22,22,26,34,36,63,31,56,54],[2,4,6,6,10,10,6,2,16,14,24,34,26,25,31,66,56,62],[1,6,3,6,10,6,6,9,14,24,30,27,26,30,28,28,97,49],[0,4,5,1,8,8,11,10,11,18,26,26,30,30,27,31,49,105]],137 : []}