{1 : [[26,14,4,6,2,12,36,18,12,30,24,6,0,18,24,108,36,24],[7,26,8,6,8,12,9,12,24,54,12,42,18,12,6,42,54,48],[2,8,24,6,6,9,9,18,30,48,6,24,45,27,30,60,12,36],[3,6,6,65,8,3,6,27,15,12,27,24,18,30,42,30,30,48],[1,8,6,8,50,12,3,6,24,18,24,24,18,18,36,36,36,72],[4,8,6,2,8,66,14,18,26,22,18,20,14,6,32,32,32,72],[12,6,6,4,2,14,44,24,22,20,18,10,18,16,32,20,52,80],[3,4,6,9,2,9,12,65,15,14,15,22,22,20,38,34,30,80],[2,8,10,5,8,13,11,15,51,32,27,18,18,18,26,34,28,76],[5,18,16,4,6,11,10,14,32,38,8,10,11,15,48,30,44,80],[4,4,2,9,8,9,9,15,27,8,57,16,18,18,58,30,48,60],[1,14,8,8,8,10,5,22,18,10,16,56,16,18,50,38,22,80],[0,6,15,6,6,7,9,22,18,11,18,16,60,26,34,12,42,92],[3,4,9,10,6,3,8,20,18,15,18,18,26,66,36,38,30,72],[2,1,5,7,6,8,8,19,13,24,29,25,17,18,73,35,36,74],[9,7,10,5,6,8,5,17,17,15,15,19,6,19,35,77,44,86],[3,9,2,5,6,8,13,15,14,22,24,11,21,15,36,44,72,80],[1,4,3,4,6,9,10,20,19,20,15,20,23,18,37,43,40,108]],2 : [[10]],53 : [[16]],106 : [[24,4,-24,21,3,18,36,12,-12],[4,50,12,18,-6,0,-12,0,-48],[-8,4,22,-1,-5,-20,6,16,-16],[7,6,-1,34,6,-2,-8,-18,4],[1,-2,-5,6,40,0,-6,-2,16],[3,0,-10,-1,0,45,-1,14,-6],[6,-2,3,-4,-3,-1,53,0,6],[2,0,8,-9,-1,14,0,36,12],[-1,-4,-4,1,4,-3,3,6,34]]}