{1 : [[28,15,4,14,12,48,15,36,30,12,18,12,42,30,48,36],[15,29,32,4,14,18,21,6,18,24,27,36,42,48,18,48],[2,16,48,16,15,33,15,18,12,18,9,30,48,39,45,36],[7,2,16,42,21,18,36,18,30,18,6,36,36,27,48,39],[6,7,15,21,51,21,36,18,15,21,12,36,54,21,42,24],[16,6,22,12,14,72,18,4,10,20,14,36,42,46,28,40],[5,7,10,24,24,18,60,18,8,14,28,60,30,26,34,34],[12,2,12,12,12,4,18,58,17,24,21,44,38,48,36,42],[10,6,8,20,10,10,8,17,44,12,39,56,36,50,38,36],[4,8,12,12,14,20,14,24,12,50,26,38,38,50,42,36],[6,9,6,4,8,14,28,21,39,26,47,32,36,32,42,50],[2,6,10,12,12,18,30,22,28,19,16,77,38,30,46,34],[7,7,16,12,18,21,15,19,18,19,18,38,77,41,37,37],[5,8,13,9,7,23,13,24,25,25,16,30,41,81,37,43],[8,3,15,16,14,14,17,18,19,21,21,46,37,37,70,44],[6,8,12,13,8,20,17,21,18,18,25,34,37,43,44,76]],2 : [],13 : [[-11]],26 : [[24,-3,0,-10,-12,-9,-30,18,6,-18,30,0,12],[-3,29,16,0,10,-9,6,-6,-15,18,-12,6,-48],[0,8,36,2,1,-3,0,6,9,-6,-3,3,24],[-5,0,2,24,7,-18,0,-12,6,18,9,-24,-21],[-6,5,1,7,25,-18,0,3,6,-18,-15,24,-6],[-3,-3,-2,-12,-12,26,-6,-6,8,-14,10,-2,-6],[-10,2,0,0,0,-6,40,5,5,2,4,4,-6],[6,-2,4,-8,2,-6,5,28,11,0,-10,-2,8],[2,-5,6,4,4,8,5,11,27,4,0,18,-6],[-3,3,-2,6,-6,-7,1,0,2,43,-7,1,-13],[5,-2,-1,3,-5,5,2,-5,0,-7,39,-3,9],[0,1,1,-8,8,-1,2,-1,9,1,-3,38,14],[2,-8,8,-7,-2,-3,-3,4,-3,-13,9,14,38]]}