{1 : [[50,4,0,0,4,4,16,4,4,4,0,4,12,12,6,0,6,12,24,12,12,6,24,24,12,24,12,12,0,0,36,36,24],[4,24,4,10,0,12,44,40,12,0,4,12,0,6,12,12,24,42,12,6,12,0,12,0,0,0,12,0,12,12,12,24,24],[0,2,57,3,0,1,8,8,6,6,6,12,6,6,9,3,9,9,3,6,12,0,12,18,18,24,18,18,24,30,12,6,48],[0,5,3,24,7,0,0,6,2,18,2,18,33,0,18,15,30,18,0,3,6,6,12,18,24,12,30,6,12,12,12,12,36],[2,0,0,7,28,13,6,0,2,18,6,24,3,6,9,15,12,18,6,3,12,24,18,24,0,30,12,6,18,0,0,54,24],[2,6,1,0,13,38,0,32,6,0,12,8,15,12,3,3,6,0,6,6,15,24,30,54,18,6,0,0,18,6,18,6,36],[4,11,4,0,3,0,55,0,10,7,6,3,6,12,9,6,9,3,9,9,12,6,15,21,24,27,18,24,21,9,18,15,24],[1,10,4,3,0,16,0,47,9,10,5,7,6,6,9,12,9,9,9,3,9,0,15,9,18,30,18,30,18,12,21,15,30],[1,3,3,1,1,3,10,9,57,4,4,4,3,12,12,3,12,12,9,9,9,6,15,21,21,24,21,21,18,18,12,12,30],[1,0,3,9,9,0,7,10,4,37,3,17,0,9,3,15,3,6,24,24,3,3,21,6,15,21,15,24,30,6,12,18,42],[0,1,3,1,3,6,6,5,4,3,34,16,9,12,12,27,12,18,15,9,9,3,15,6,21,30,0,27,15,30,12,24,12],[1,3,6,9,12,4,3,7,4,17,16,36,3,9,6,0,6,9,3,3,24,0,18,27,12,21,15,6,12,39,21,12,36],[2,0,2,11,1,5,4,4,2,0,6,2,47,12,10,8,4,9,13,11,12,9,24,28,10,16,14,18,18,20,20,18,40],[2,1,2,0,2,4,8,4,8,6,8,6,12,40,27,10,13,0,14,4,2,9,26,8,18,26,22,16,22,14,26,20,20],[1,2,3,6,3,1,6,6,8,2,8,4,10,27,37,10,8,15,4,11,14,10,10,26,18,2,12,22,16,28,12,22,36],[0,2,1,5,5,1,4,8,2,10,18,0,8,10,10,42,8,6,6,9,11,12,22,22,20,8,24,16,20,2,26,22,40],[1,4,3,10,4,2,6,6,8,2,8,4,4,13,8,8,38,9,14,2,19,11,16,32,34,10,20,4,30,20,10,16,24],[2,7,3,6,6,0,2,6,8,4,12,6,9,0,15,6,9,35,7,8,19,8,32,26,16,32,16,34,6,18,4,18,20],[4,2,1,0,2,2,6,6,6,16,10,2,13,14,4,6,14,7,49,18,3,11,18,20,12,24,4,16,10,12,28,28,32],[2,1,2,1,1,2,6,2,6,16,6,2,11,4,11,9,2,8,18,47,16,5,16,8,28,12,28,14,16,26,16,26,32],[2,2,4,2,4,5,8,6,6,2,6,16,12,2,14,11,19,19,3,16,32,7,6,12,10,26,22,2,32,16,30,18,28],[1,0,0,2,8,8,4,0,4,2,2,0,9,9,10,12,11,8,11,5,7,51,20,16,14,14,26,26,20,22,30,4,44],[2,1,2,2,3,5,5,5,5,7,5,6,12,13,5,11,8,16,9,8,3,10,53,17,19,15,19,11,23,18,21,19,42],[2,0,3,3,4,9,7,3,7,2,2,9,14,4,13,11,16,13,10,4,6,8,17,55,7,18,23,30,13,17,18,20,32],[1,0,3,4,0,3,8,6,7,5,7,4,5,9,9,10,17,8,6,14,5,7,19,7,64,24,15,26,13,18,21,13,42],[2,0,4,2,5,1,9,10,8,7,10,7,8,13,1,4,5,16,12,6,13,7,15,18,24,53,21,20,17,9,15,14,44],[1,1,3,5,2,0,6,6,7,5,0,5,7,11,6,12,10,8,2,14,11,13,19,23,15,21,53,19,20,21,22,16,36],[1,0,3,1,1,0,8,10,7,8,9,2,9,8,11,8,2,17,8,7,1,13,11,30,26,20,19,57,26,13,25,13,26],[0,1,4,2,3,3,7,6,6,10,5,4,9,11,8,10,15,3,5,8,16,10,23,13,13,17,20,26,51,21,10,14,46],[0,1,5,2,0,1,3,4,6,2,10,13,10,7,14,1,10,9,6,13,8,11,18,17,18,9,21,13,21,68,14,19,46],[3,1,2,2,0,3,6,7,4,4,4,7,10,13,6,13,5,2,14,8,15,15,21,18,21,15,22,25,10,14,55,17,38],[3,2,1,2,9,1,5,5,4,6,8,4,9,10,11,11,8,9,14,13,9,2,19,20,13,14,16,13,14,19,17,73,36],[1,1,4,3,2,3,4,5,5,7,2,6,10,5,9,10,6,5,8,8,7,11,21,16,21,22,18,13,23,23,19,18,84]],239 : [[10]]}