{1 : [[50,0,0,12,4,0,4,6,24,12,24,12,24,0,0,0,36,0,24,48,0,0,48,24,24,24],[0,50,6,2,8,4,0,2,8,12,8,4,8,16,12,20,8,24,40,8,24,32,24,32,40,8],[0,6,28,0,24,8,4,10,8,4,8,16,8,12,24,12,16,36,16,24,16,0,8,24,32,56],[4,2,0,50,0,12,8,12,8,16,12,20,4,24,8,16,4,8,24,24,40,24,16,16,24,24],[1,6,18,0,34,4,8,6,8,9,18,12,18,9,12,3,18,0,18,24,24,48,48,24,24,6],[0,3,6,9,4,57,8,12,4,18,6,12,6,3,12,18,0,12,30,36,30,18,6,36,30,24],[1,0,3,6,8,8,35,24,12,12,9,6,6,12,6,12,18,12,0,54,30,48,24,24,30,0],[1,1,5,6,4,8,16,47,4,12,4,16,4,16,8,8,12,12,48,0,24,8,28,24,40,44],[3,3,3,3,4,2,6,3,49,36,27,27,18,12,12,9,15,15,24,24,3,24,39,6,21,12],[1,3,1,4,3,6,4,6,24,58,6,4,15,12,16,13,10,8,20,32,36,30,16,26,12,34],[2,2,2,3,6,2,3,2,18,6,56,18,14,14,11,12,17,14,20,26,32,26,42,28,12,12],[1,1,4,5,4,4,2,8,18,4,18,56,10,16,11,14,15,11,20,20,30,22,14,12,36,44],[2,2,2,1,6,2,2,2,12,15,14,10,49,14,24,21,12,4,32,30,14,14,42,28,18,28],[0,4,3,6,3,1,4,8,8,12,14,16,14,60,14,13,18,10,30,24,22,24,16,28,22,26],[0,3,6,2,4,4,2,4,8,16,11,11,24,14,46,2,15,20,16,28,32,28,12,32,36,24],[0,5,3,4,1,6,4,4,6,13,12,14,21,13,2,46,10,26,32,32,34,20,22,26,18,26],[3,2,4,1,6,0,6,6,10,10,17,15,12,18,15,10,64,13,20,26,24,26,24,24,24,20],[0,6,9,2,0,4,4,6,10,8,14,11,4,10,20,26,13,47,20,26,8,36,34,28,34,20],[1,5,2,3,3,5,0,12,8,10,10,10,16,15,8,16,10,10,70,24,20,38,22,25,32,25],[2,1,3,3,4,6,9,0,8,16,13,10,15,12,14,16,13,13,24,83,28,21,25,20,17,24],[0,3,2,5,4,5,5,6,1,18,16,15,7,11,16,17,12,4,20,28,66,27,31,26,29,26],[0,4,0,3,8,3,8,2,8,15,13,11,7,12,14,10,13,18,38,21,27,66,28,26,17,28],[2,3,1,2,8,1,4,7,13,8,21,7,21,8,6,11,12,17,22,25,31,28,60,24,28,30],[1,4,3,2,4,6,4,6,2,13,14,6,14,14,16,13,12,14,25,20,26,26,24,69,36,26],[1,5,4,3,4,5,5,10,7,6,6,18,9,11,18,9,12,17,32,17,29,17,28,36,67,24],[1,1,7,3,1,4,0,11,4,17,6,22,14,13,12,13,10,10,25,24,26,28,30,26,24,68]],2 : [[24,9,-5],[9,11,-4],[-5,-4,10]],127 : [],254 : [[9,-12,-3,0,6,-6,0,54,18,48,-12,6],[-6,9,21,21,-6,3,-3,-6,-3,-6,27,-9],[-1,14,16,18,-3,-3,-4,2,16,-6,-18,-4],[0,14,18,20,-1,1,-3,-4,-22,-14,6,12],[2,-4,-3,-1,16,1,16,4,-16,12,4,16],[-2,2,-3,1,1,36,3,-6,-8,-6,12,-4],[0,-2,-4,-3,16,3,-1,-2,-4,28,26,-14],[9,-2,1,-2,2,-3,-1,43,2,3,-11,7],[3,-1,8,-11,-8,-4,-2,2,26,11,-19,-13],[8,-2,-3,-7,6,-3,14,3,11,22,-20,1],[-2,9,-9,3,2,6,13,-11,-19,-20,14,-10],[1,-3,-2,6,8,-2,-7,7,-13,1,-10,17]]}