{1 : [[50,10,0,0,0,20,0,10,0,0,0,0,0,0,0,20,20,0,0,0,30,0,0,0,0,0,0,0,60,60,0,0,0,0,60,60,0],[2,50,0,8,6,0,6,12,0,0,0,0,0,4,12,12,12,6,0,0,0,24,12,0,0,12,12,6,24,12,24,24,24,24,12,12,48],[0,0,18,0,12,4,4,0,6,4,4,12,0,24,40,4,16,0,12,12,18,12,6,12,36,24,0,12,0,24,0,0,0,24,12,24,24],[0,4,0,50,6,6,2,6,6,1,6,0,3,6,8,2,6,9,6,6,6,0,6,12,0,6,9,6,30,36,24,18,12,24,18,12,48],[0,3,6,6,31,7,9,6,6,6,1,6,3,6,32,0,2,12,24,3,6,12,6,6,0,3,6,24,54,12,18,0,24,24,12,0,24],[2,0,2,6,7,26,7,6,2,0,3,6,0,6,6,24,18,6,3,15,15,0,6,36,12,12,6,0,12,48,18,0,0,18,18,30,24],[0,3,2,2,9,7,26,0,7,0,0,0,0,12,0,18,20,24,12,6,9,12,33,6,6,0,0,12,18,12,0,12,18,24,6,12,72],[1,6,0,6,6,6,0,50,1,0,0,3,0,2,8,6,2,6,18,12,6,9,3,18,0,9,0,12,24,24,18,12,30,18,24,24,36],[0,0,3,6,6,2,7,1,26,20,3,12,24,20,6,0,0,12,9,9,0,12,3,6,6,15,0,6,12,48,42,0,24,24,12,12,12],[0,0,2,1,6,0,0,0,20,30,6,6,24,6,0,2,6,0,6,6,12,18,6,15,9,6,27,30,18,0,6,6,30,12,12,24,48],[0,0,2,6,1,3,0,0,3,6,57,3,6,2,8,6,12,6,12,15,6,15,0,6,18,3,18,6,12,24,18,24,12,12,12,18,48],[0,0,4,0,4,4,0,2,8,4,2,50,8,8,12,8,4,8,10,8,8,4,4,6,16,12,6,8,12,28,24,20,20,20,24,20,24],[0,0,0,2,2,0,0,0,16,16,4,8,42,0,8,8,0,22,8,8,22,14,10,10,8,8,2,6,20,0,12,36,24,4,20,12,48],[0,1,6,3,3,3,6,1,10,3,1,6,0,27,6,7,5,6,6,12,27,9,6,9,3,15,15,15,15,15,45,24,15,30,3,18,24],[0,3,10,4,16,3,0,4,3,0,4,9,6,6,45,14,6,6,6,15,9,6,9,6,0,9,6,0,3,21,27,30,15,15,24,30,30],[1,3,1,1,0,12,9,3,0,1,3,6,6,7,14,32,19,6,3,9,12,3,3,0,9,24,3,6,18,12,21,42,24,9,21,21,36],[1,3,4,3,1,9,10,1,0,3,6,3,0,5,6,19,38,3,6,6,9,9,3,6,9,3,27,6,24,18,18,6,18,36,15,12,54],[0,1,0,3,4,2,8,2,4,0,2,4,11,4,4,4,2,30,4,18,18,12,4,9,9,12,16,23,18,22,18,26,16,14,24,12,40],[0,0,2,2,8,1,4,6,3,2,4,5,4,4,4,2,4,4,39,27,7,12,12,14,14,0,6,14,20,24,22,16,32,26,26,6,24],[0,0,2,2,1,5,2,4,3,2,5,4,4,8,10,6,4,18,27,36,12,9,10,10,10,16,12,4,18,18,20,20,10,6,14,20,48],[1,0,3,2,2,5,3,2,0,4,2,4,11,18,6,8,6,18,7,12,37,11,12,10,4,6,10,6,14,20,8,20,18,8,24,22,56],[0,4,2,0,4,0,4,3,4,6,5,2,7,6,4,2,6,12,12,9,11,57,12,8,10,10,10,12,16,12,14,12,22,24,22,16,40],[0,2,1,2,2,2,11,1,1,2,0,2,5,4,6,2,2,4,12,10,12,12,46,12,8,13,8,6,24,22,22,16,26,24,28,14,36],[0,0,2,4,2,12,2,6,2,5,2,3,5,6,4,0,4,9,14,10,10,8,12,51,12,8,12,11,26,4,18,18,28,14,20,16,40],[0,0,6,0,0,4,2,0,2,3,6,8,4,2,0,6,6,9,14,10,4,10,8,12,51,6,11,12,16,20,18,26,18,26,22,22,36],[0,2,4,2,1,4,0,3,5,2,1,6,4,10,6,16,2,12,0,16,6,10,13,8,6,31,20,6,18,18,18,16,30,36,18,26,24],[0,2,0,3,2,2,0,0,0,9,6,3,1,10,4,2,18,16,6,12,10,10,8,12,11,20,39,2,20,24,18,32,16,16,10,16,40],[0,1,2,2,8,0,4,4,2,10,2,4,3,10,0,4,4,23,14,4,6,12,6,11,12,6,2,44,16,26,14,26,20,22,4,36,36],[1,2,0,5,9,2,3,4,2,3,2,3,5,5,1,6,8,9,10,9,7,8,12,13,8,9,10,8,72,14,16,22,17,22,22,17,34],[1,1,2,6,2,8,2,4,8,0,4,7,0,5,7,4,6,11,12,9,10,6,11,2,10,9,12,13,14,63,15,22,19,19,23,19,34],[0,2,0,4,3,3,0,3,7,1,3,6,3,15,9,7,6,9,11,10,4,7,11,9,9,9,9,7,16,15,64,16,23,10,26,23,40],[0,2,0,3,0,0,2,2,0,1,4,5,9,8,10,14,2,13,8,10,10,6,8,9,13,8,16,13,22,22,16,56,16,20,16,18,38],[0,2,0,2,4,0,3,5,4,5,2,5,6,5,5,8,6,8,16,5,9,11,13,14,9,15,8,10,17,19,23,16,51,16,23,15,40],[0,2,2,4,4,3,4,3,4,2,2,5,1,10,5,3,12,7,13,3,4,12,12,7,13,18,8,11,22,19,10,20,16,49,21,19,50],[1,1,1,3,2,3,1,4,2,2,2,6,5,1,8,7,5,12,13,7,12,11,14,10,11,9,5,2,22,23,26,16,23,21,54,23,32],[1,1,2,2,0,5,2,4,2,4,3,5,3,6,10,7,4,6,3,10,11,8,7,8,11,13,8,18,17,19,23,18,15,19,23,64,38],[0,2,1,4,2,2,6,3,1,4,4,3,6,4,5,6,9,10,6,12,14,10,9,10,9,6,10,9,17,17,20,19,20,25,16,19,80]],233 : [[4]]}