{1 : [[30,0,4,12,24,4,12,16,16,40,36,0,4,40,12,18,24,18,18,24,48],[0,50,4,6,4,16,0,24,12,12,16,16,8,4,12,36,18,18,24,60,60],[4,4,50,12,12,0,12,4,8,24,8,24,12,4,42,12,12,30,18,48,60],[6,3,6,47,1,13,12,6,20,34,18,12,18,18,33,30,18,9,18,30,48],[12,2,6,1,44,7,14,14,18,0,6,24,18,12,18,36,18,33,15,60,42],[2,8,0,13,7,44,14,24,6,6,18,30,24,0,18,27,39,15,21,48,36],[3,0,3,6,7,7,70,15,18,7,22,16,19,15,27,15,21,12,27,45,45],[4,6,1,3,7,12,15,60,25,19,15,9,7,13,30,6,24,21,27,45,51],[4,3,2,10,9,3,18,25,60,12,24,14,15,15,21,27,30,18,15,24,51],[10,3,6,17,0,3,7,19,12,68,6,20,22,12,12,12,21,30,24,51,45],[9,4,2,9,3,9,22,15,24,6,52,27,10,28,24,21,9,15,36,48,27],[0,4,6,6,12,15,16,9,14,20,27,62,22,4,27,18,15,36,18,30,39],[1,2,3,9,9,12,19,7,15,22,10,22,50,21,24,18,27,12,36,48,33],[10,1,1,9,6,0,15,13,15,12,28,4,21,58,24,30,30,33,15,48,27],[2,2,7,11,6,6,18,20,14,8,16,18,16,16,69,17,19,29,26,38,42],[3,6,2,10,12,9,10,4,18,8,14,12,12,20,17,79,21,24,19,58,42],[4,3,2,6,6,13,14,16,20,14,6,10,18,20,19,21,65,22,25,50,46],[3,3,5,3,11,5,8,14,12,20,10,24,8,22,29,24,22,71,24,40,42],[3,4,3,6,5,7,18,18,10,16,24,12,24,10,26,19,25,24,56,46,44],[2,5,4,5,10,8,15,15,8,17,16,10,16,16,19,29,25,20,23,86,51],[4,5,5,8,7,6,15,17,17,15,9,13,11,9,21,21,23,21,22,51,100]],151 : []}