{1 : [[50,3,3,0,12,0,0,32,0,36,0,12,24,12,72,48,24,72,0],[1,50,0,10,3,12,4,16,20,24,8,16,28,16,40,48,24,40,40],[1,0,50,1,8,4,12,16,16,16,12,24,16,24,32,32,48,48,40],[0,10,1,28,1,24,8,24,12,20,32,16,44,12,56,8,40,24,40],[4,3,8,1,40,4,32,16,32,48,20,20,16,20,72,8,32,24,0],[0,9,3,18,3,40,2,10,15,18,30,12,0,18,6,48,42,78,48],[0,3,9,6,24,2,42,8,24,0,24,15,15,30,24,54,36,30,54],[4,6,6,9,6,5,4,48,6,39,18,30,30,30,42,15,30,36,36],[0,5,4,3,8,5,8,4,55,27,17,12,32,28,36,34,46,42,34],[3,6,4,5,12,6,0,26,27,58,13,12,12,6,34,50,52,32,42],[0,2,3,8,5,10,8,12,17,13,64,22,24,20,42,44,32,42,32],[1,4,6,4,5,4,5,20,12,12,22,68,25,26,44,42,40,20,40],[2,7,4,11,4,0,5,20,32,12,24,25,55,3,32,46,36,46,36],[1,4,6,3,5,6,10,20,28,6,20,26,3,64,44,48,28,44,34],[3,5,4,7,9,1,4,14,18,17,21,22,16,22,83,44,34,36,40],[2,6,4,1,1,8,9,5,17,25,22,21,23,24,44,74,40,38,36],[1,3,6,5,4,7,6,10,23,26,16,20,18,14,34,40,85,44,38],[3,5,6,3,3,13,5,12,21,16,21,10,23,22,36,38,44,82,37],[0,5,5,5,0,8,9,12,17,21,16,20,18,17,40,36,38,37,96]],2 : [[7,12],[12,19]],103 : [],206 : [[2,4,3,-3,24,54,-6,-54],[2,2,30,30,24,9,-12,-18],[1,20,12,-9,14,-6,4,-12],[-1,20,-9,-5,-1,34,-22,-8],[8,16,14,-1,30,28,12,-10],[9,3,-3,17,14,18,24,4],[-1,-4,2,-11,6,24,26,1],[-9,-6,-6,-4,-5,4,1,42]]}