{1 : [[28,4,0,10,4,0,36,44,12,4,12,24,12,18,48,18,18,24,36,0,0,24,12,12],[4,28,0,12,40,0,8,16,12,40,24,18,6,12,6,54,0,24,12,36,24,12,0,12],[0,0,29,13,7,9,20,12,8,2,18,33,24,0,21,15,33,24,30,12,54,18,6,12],[5,6,13,40,0,4,12,12,6,32,18,0,27,3,6,15,3,60,24,30,12,12,12,48],[2,20,7,0,45,3,12,12,14,0,18,15,6,9,3,6,30,30,24,24,18,30,48,24],[0,0,9,4,3,57,6,2,20,8,6,21,18,15,9,12,18,24,36,12,30,30,30,30],[9,2,10,6,6,3,30,4,11,10,18,6,9,30,12,30,15,21,12,42,54,27,9,24],[11,4,6,6,6,1,4,63,10,10,12,12,15,12,0,15,9,33,24,42,27,24,24,30],[3,3,4,3,7,10,11,10,58,6,6,12,15,18,12,18,15,21,33,27,24,21,30,33],[1,10,1,16,0,4,10,10,6,48,15,15,6,15,12,12,27,15,27,27,30,21,45,27],[2,4,6,6,6,2,12,8,4,10,60,13,17,14,11,19,14,28,28,32,26,28,28,22],[4,3,11,0,5,7,4,8,8,10,13,56,0,14,19,12,10,38,30,26,24,30,30,38],[2,1,8,9,2,6,6,10,10,4,17,0,55,18,9,14,13,24,34,32,28,38,28,32],[3,2,0,1,3,5,20,8,12,10,14,14,18,51,16,3,14,24,46,18,10,36,40,32],[8,1,7,2,1,3,8,0,8,8,11,19,9,16,68,15,10,30,34,30,34,30,24,24],[3,9,5,5,2,4,20,10,12,8,19,12,14,3,15,39,26,24,40,38,14,18,44,16],[3,0,11,1,10,6,10,6,10,18,14,10,13,14,10,26,42,28,20,12,24,38,32,42],[2,2,4,10,5,4,7,11,7,5,14,19,12,12,15,12,14,83,26,31,26,30,23,26],[3,1,5,4,4,6,4,8,11,9,14,15,17,23,17,20,10,26,64,20,28,36,25,30],[0,3,2,5,4,2,14,14,9,9,16,13,16,9,15,19,6,31,20,76,26,29,28,34],[0,2,9,2,3,5,18,9,8,10,13,12,14,5,17,7,12,26,28,26,75,31,36,32],[2,1,3,2,5,5,9,8,7,7,14,15,19,18,15,9,19,30,36,29,31,69,27,20],[1,0,1,2,8,5,3,8,10,15,14,15,14,20,12,22,16,23,25,28,36,27,68,27],[1,1,2,8,4,5,8,10,11,9,11,19,16,16,12,8,21,26,30,34,32,20,27,69]],191 : []}