{1 : [[64,0,8,12,12,4,4,0,24,0,24,24,0,0,24,0,0,8,0,0,0,24,24,12,0,0,12,0,0,24,48,24,24,0],[0,24,4,6,0,40,0,6,12,24,4,12,16,16,12,12,0,12,16,0,4,12,0,0,18,30,0,0,12,24,12,36,36,0],[4,4,50,4,0,12,0,0,12,4,0,16,4,16,12,12,12,0,0,0,16,6,30,12,6,12,12,36,12,12,24,12,24,24],[3,3,2,50,1,7,6,12,6,6,6,6,6,6,6,8,6,6,8,12,12,6,3,3,6,12,12,24,36,30,24,24,24,18],[3,0,0,1,32,6,7,0,20,6,14,6,6,0,6,18,2,6,0,18,12,33,0,27,12,3,12,24,18,24,12,12,36,24],[1,20,6,7,6,44,9,3,6,0,6,14,0,6,6,12,18,2,6,6,0,12,6,6,0,0,18,30,42,24,24,18,18,24],[1,0,0,6,7,9,32,9,18,8,12,8,2,6,0,18,0,6,24,0,0,3,6,6,15,24,24,36,24,36,30,12,18,0],[0,2,0,8,0,2,6,38,4,4,4,8,8,4,8,8,8,8,4,24,8,18,6,8,22,4,14,28,40,32,36,4,12,20],[3,3,3,3,10,3,9,3,47,6,6,10,4,3,14,19,1,12,0,4,9,6,27,3,9,15,6,12,18,15,24,36,30,27],[0,6,1,3,3,0,4,3,6,33,15,6,6,3,13,4,13,10,9,13,9,12,3,18,27,12,27,30,27,15,24,18,15,12],[3,1,0,3,7,3,6,3,6,15,48,6,3,13,16,7,3,18,7,12,7,9,6,18,9,15,9,27,3,36,24,24,30,3],[3,3,4,3,3,7,4,6,10,6,6,57,9,9,9,9,13,10,6,7,12,9,12,12,3,15,15,24,27,15,18,30,12,12],[0,4,1,3,3,0,1,6,4,6,3,9,38,16,9,3,3,14,12,3,7,3,12,30,15,30,15,6,36,15,24,12,27,30],[0,4,4,3,0,3,3,3,3,3,13,9,16,50,6,14,18,0,10,7,9,6,21,9,9,27,6,27,15,18,33,9,30,12],[3,3,3,3,3,3,0,6,14,13,16,9,9,6,45,1,16,3,13,6,9,15,27,6,3,9,18,9,18,39,18,21,18,15],[0,3,3,4,9,6,9,6,19,4,7,9,3,14,1,50,18,6,0,9,7,6,6,9,6,3,6,39,24,24,21,21,15,33],[0,0,3,3,1,9,0,6,1,13,3,13,3,18,16,18,46,12,9,7,9,9,9,24,6,6,24,18,18,21,9,33,21,12],[1,3,0,3,3,1,3,6,12,10,18,10,14,0,3,6,12,42,6,4,9,9,15,12,18,12,18,24,33,9,18,24,12,30],[0,4,0,4,0,3,12,3,0,9,7,6,12,10,13,0,9,6,42,7,4,12,15,15,12,9,6,24,24,27,24,27,24,30],[0,0,0,6,9,3,0,18,4,13,12,7,3,7,6,9,7,4,7,45,9,12,9,15,9,9,9,21,6,30,12,30,36,33],[0,1,4,6,6,0,0,6,9,9,7,12,7,9,9,7,9,9,4,9,67,21,18,12,15,9,6,21,21,15,15,21,18,18],[2,2,1,2,11,4,1,9,4,8,6,6,2,4,10,4,6,6,8,8,14,55,17,4,12,7,7,28,26,32,20,22,24,28],[2,0,5,1,0,2,2,3,18,2,4,8,8,14,18,4,6,10,10,6,12,17,51,14,20,11,8,24,22,12,26,14,18,28],[1,0,2,1,9,2,2,4,2,12,12,8,20,6,4,6,16,8,10,10,8,4,14,48,13,1,9,32,6,18,24,36,24,28],[0,3,1,2,4,0,5,11,6,18,6,2,10,6,2,4,4,12,8,6,10,12,20,13,50,8,5,16,24,26,30,32,14,30],[0,5,2,4,1,0,8,2,10,8,10,10,20,18,6,2,4,8,6,6,6,7,11,1,8,49,16,36,10,20,26,30,20,30],[1,0,2,4,4,6,8,7,4,18,6,10,10,4,12,4,16,12,4,6,4,7,8,9,5,16,47,28,18,18,30,30,12,30],[0,0,3,4,4,5,6,7,4,10,9,8,2,9,3,13,6,8,8,7,7,14,12,16,8,18,14,61,23,27,20,18,27,19],[0,1,1,6,3,7,4,10,6,9,1,9,12,5,6,8,6,11,8,2,7,13,11,3,12,5,9,23,68,28,24,32,24,26],[1,2,1,5,4,4,6,8,5,5,12,5,5,6,13,8,7,3,9,10,5,16,6,9,13,10,9,27,28,71,22,24,20,21],[2,1,2,4,2,4,5,9,8,8,8,6,8,11,6,7,3,6,8,4,5,10,13,12,15,13,15,20,24,22,62,28,31,18],[1,3,1,4,2,3,2,1,12,6,8,10,4,3,7,7,11,8,9,10,7,11,7,18,16,15,15,18,32,24,28,55,20,22],[1,3,2,4,6,3,3,3,10,5,10,4,9,10,6,5,7,4,8,12,6,12,9,12,7,10,6,27,24,20,31,20,67,34],[0,0,2,3,4,4,0,5,9,4,1,4,10,4,5,11,4,10,10,11,6,14,14,14,15,15,15,19,26,21,18,22,34,66]],211 : []}