{1 : [[64,0,8,10,12,18,15,6,6,21,30,48,36,30,18,30,48],[0,64,12,8,14,10,16,22,18,12,24,20,28,32,40,24,56],[4,9,33,6,18,21,24,3,33,27,27,27,18,27,60,15,48],[5,6,6,35,36,15,18,12,15,12,33,33,36,27,30,57,24],[4,7,12,24,47,14,14,18,14,18,26,26,28,30,28,10,80],[6,5,14,10,14,57,21,13,14,16,38,32,24,24,26,30,56],[5,8,16,12,14,21,37,32,7,12,34,32,36,22,26,18,68],[2,11,2,8,18,13,32,48,27,13,18,12,24,40,42,38,52],[2,9,22,10,14,14,7,27,61,24,12,22,16,34,18,20,88],[7,6,18,8,18,16,12,13,24,56,16,40,36,22,16,36,56],[5,6,9,11,13,19,17,9,6,8,73,24,40,36,27,43,54],[8,5,9,11,13,16,16,6,11,20,24,73,30,40,25,35,58],[6,7,6,12,14,12,18,12,8,18,40,30,69,30,30,28,60],[5,8,9,9,15,12,11,20,17,11,36,40,30,71,27,25,54],[3,10,20,10,14,13,13,21,9,8,27,25,30,27,75,31,64],[5,6,5,19,5,15,9,19,10,18,43,35,28,25,31,65,62],[4,7,8,4,20,14,17,13,22,14,27,29,30,27,32,31,101]],2 : [[9,-20],[-10,9]],59 : [[9]],118 : [[0,4,-6,-6,-6,-9,6,6,15,-6,48,30,-6,6,0],[2,13,4,-6,-3,-18,-3,15,-21,9,27,-21,-12,15,0],[-3,4,25,-18,-3,0,0,3,0,15,33,-9,-30,21,0],[-2,-4,-12,29,-2,6,6,2,0,-2,14,2,-24,2,0],[-2,-2,-2,-2,43,-3,1,-6,0,6,-12,0,-2,-14,0],[-3,-12,0,6,-3,1,-8,5,-8,-26,8,-2,2,-10,20],[2,-2,0,6,1,-8,4,5,11,-6,4,32,-26,-10,-4],[2,10,2,2,-6,5,5,23,-12,-4,10,6,2,12,-24],[5,-14,0,0,0,-8,11,-12,20,12,20,10,-4,8,-8],[-1,3,5,-1,3,-13,-3,-2,6,23,2,6,5,-3,10],[8,9,11,7,-6,4,2,5,10,2,21,-16,-9,17,6],[5,-7,-3,1,0,-1,16,3,5,6,-16,19,13,5,-2],[-1,-4,-10,-12,-1,1,-13,1,-2,5,-9,13,11,11,8],[1,5,7,1,-7,-5,-5,6,4,-3,17,5,11,31,-10],[0,0,0,0,0,5,-1,-6,-2,5,3,-1,4,-5,21]]}