{1 : [[20,20,4,8,24,16,0,8,16,12,32,24,28,24,8,40,8,4,40,8,24,16,16],[15,19,9,9,12,0,24,30,6,15,12,9,21,27,33,21,12,21,30,27,6,18,24],[3,9,26,11,15,12,9,6,36,33,18,12,18,27,18,18,21,9,18,24,18,33,6],[6,9,11,29,9,6,24,21,12,24,0,27,9,51,27,12,18,21,18,24,6,18,18],[12,8,10,6,36,12,8,8,10,14,16,24,10,14,48,22,22,24,8,18,32,14,24],[8,0,8,4,12,40,8,4,12,12,32,28,8,16,12,12,16,28,36,32,20,20,32],[0,16,6,16,8,8,28,16,6,26,8,32,26,12,8,14,12,24,16,22,32,24,40],[4,20,4,14,8,4,16,36,8,28,4,18,24,18,18,6,16,24,40,26,16,16,32],[8,4,24,8,10,12,6,8,38,2,16,20,12,28,16,18,32,24,16,14,16,24,44],[3,5,11,8,7,6,13,14,1,36,28,11,23,16,25,24,11,11,14,36,18,29,50],[8,4,6,0,8,16,4,2,8,28,56,24,26,24,20,24,8,16,22,16,24,20,36],[6,3,4,9,12,14,16,9,10,11,24,53,18,9,25,17,24,21,30,19,14,10,42],[7,7,6,3,5,4,13,12,6,23,26,18,38,27,24,24,23,35,10,10,18,11,50],[6,9,9,17,7,8,6,9,14,16,24,9,27,67,9,22,14,21,18,14,18,18,38],[2,11,6,9,24,6,4,9,8,25,20,25,24,9,49,17,22,17,14,15,38,12,34],[10,7,6,4,11,6,7,3,9,24,24,17,24,22,17,44,23,23,10,14,22,17,56],[2,4,7,6,11,8,6,8,16,11,8,24,23,14,22,23,64,22,16,17,8,32,48],[1,7,3,7,12,14,12,12,12,11,16,21,35,21,17,23,22,37,22,21,14,16,44],[10,10,6,6,4,18,8,20,8,14,22,30,10,18,14,10,16,22,60,18,20,12,44],[2,9,8,8,9,16,11,13,7,36,16,19,10,14,15,14,17,21,18,44,22,27,44],[6,2,6,2,16,10,16,8,8,18,24,14,18,18,38,22,8,14,20,22,50,24,36],[4,6,11,6,7,10,12,8,12,29,20,10,11,18,12,17,32,16,12,27,24,60,36],[2,4,1,3,6,8,10,8,11,25,18,21,25,19,17,28,24,22,22,22,18,18,68]],2 : [[0,8,-12,-4,-8],[4,0,2,8,0],[-6,2,-16,-8,-12],[-2,8,-8,-6,-12],[-2,0,-6,-6,4]],3 : [[-6,0,24],[0,-30,0],[12,0,-18]],6 : [[4,12,-4,8,16,0,8,-4,4,24,-8,-4,16,8,-8,-8,-4,32,0,-8,0],[9,1,3,3,-6,0,24,6,3,12,-9,-9,3,-3,15,0,-3,18,-3,-6,0],[-3,3,22,-9,-3,3,6,-30,-9,-6,0,0,3,-6,6,-15,-3,-6,0,15,6],[6,3,-9,7,3,-24,-3,-6,-12,0,21,3,3,15,0,18,9,-6,-18,-6,6],[8,-4,-2,2,-4,0,-4,-2,-6,0,0,6,10,24,6,-2,-12,8,-10,-6,8],[0,0,2,-16,0,4,4,-4,-10,0,-28,6,4,-8,2,-4,0,0,-6,-4,-16],[4,16,4,-2,-4,4,8,6,-8,-4,-2,4,-6,-6,6,4,8,24,6,0,16],[-2,4,-20,-4,-2,-4,6,38,2,0,4,4,4,-4,10,-8,-8,-8,6,8,20],[1,1,-3,-4,-3,-5,-4,1,16,8,-3,11,6,-9,-10,1,-9,-2,20,-9,-2],[6,4,-2,0,0,0,-2,0,8,18,4,-14,16,12,-12,-4,-4,-8,-4,-12,12],[-2,-3,0,7,0,-14,-1,2,-3,4,29,-2,3,-7,-3,-8,-1,-2,-1,-2,-14],[-1,-3,0,1,3,3,2,2,11,-14,-2,12,-9,8,6,-13,-17,6,8,3,2],[4,1,1,1,5,2,-3,2,6,16,3,-9,5,1,4,-6,3,-2,-2,-2,2],[2,-1,-2,5,12,-4,-3,-2,-9,12,-7,8,1,5,-1,-8,-11,10,-11,2,10],[-2,5,2,0,3,1,3,5,-10,-12,-3,6,4,-1,12,1,3,-2,0,5,20],[-2,0,-5,6,-1,-2,2,-4,1,-4,-8,-13,-6,-8,1,24,10,0,-9,2,20],[-1,-1,-1,3,-6,0,4,-4,-9,-4,-1,-17,3,-11,3,10,9,-6,-9,4,-8],[8,6,-2,-2,4,0,12,-4,-2,-8,-2,6,-2,10,-2,0,-6,30,-6,4,0],[0,-1,0,-6,-5,-3,3,3,20,-4,-1,8,-2,-11,0,-9,-9,-6,6,7,-4],[-2,-2,5,-2,-3,-2,0,4,-9,-12,-2,3,-2,2,5,2,4,4,7,4,-8],[0,0,1,1,2,-4,4,5,-1,6,-7,1,1,5,10,10,-4,0,-2,-4,10]],11 : [[6,-4],[-2,8]],22 : [[-3,1,7,-6,12,6,0,3,-3,-21,-9,9,21,6,15,27,6,-18,0],[1,24,-7,15,9,-6,24,21,0,-6,3,6,18,-3,3,-18,-6,-15,6],[7,-7,13,3,-18,-3,0,6,-15,-3,3,3,0,0,9,-12,-6,18,-6],[-4,10,2,12,2,2,-6,-6,0,6,-6,0,6,-6,-12,-6,0,6,8],[8,6,-12,2,10,-8,2,14,20,6,4,-4,-2,-4,-4,-10,-16,8,16],[4,-4,-2,2,-8,10,0,-8,-2,-4,2,-10,6,0,12,-14,-8,8,8],[0,16,0,-6,2,0,26,-2,16,4,-8,8,-2,-8,-8,10,8,0,4],[1,7,2,-3,7,-4,-1,24,1,-11,-8,7,12,-3,1,6,6,-11,2],[-1,0,-5,0,10,-1,8,1,35,-2,-3,11,3,-2,1,5,14,-8,-10],[-7,-2,-1,3,3,-2,2,-11,-2,18,15,8,-8,-5,-1,4,2,5,-2],[-3,1,1,-3,2,1,-4,-8,-3,15,23,-1,-14,10,-5,2,2,8,18],[3,2,1,0,-2,-5,4,7,11,8,-1,19,3,-6,-7,1,2,0,14],[7,6,0,3,-1,3,-1,12,3,-8,-14,3,14,3,-11,-6,-6,-9,16],[2,-1,0,-3,-2,0,-4,-3,-2,-5,10,-6,3,18,6,5,0,0,-16],[5,1,3,-6,-2,6,-4,1,1,-1,-5,-7,-11,6,5,-3,2,6,20],[9,-6,-4,-3,-5,-7,5,6,5,4,2,1,-6,5,-3,12,-2,-7,-12],[2,-2,-2,0,-8,-4,4,6,14,2,2,2,-6,0,2,-2,22,-12,4],[-6,-5,6,3,4,4,0,-11,-8,5,8,0,-9,0,6,-7,-12,34,4],[0,1,-1,2,4,2,1,1,-5,-1,9,7,8,-8,10,-6,2,2,8]],33 : [[15,-1,1,12,0,0,0,15,3,9,-9,-3,15,6,-9,-3,6,0],[-1,20,9,-3,3,-6,-18,-21,0,12,3,6,6,-3,3,6,-9,6],[1,9,19,9,18,9,6,-18,-9,-9,-21,15,12,0,-3,6,-6,6],[8,-2,6,20,-2,-6,-2,-2,-8,2,-2,0,22,-6,16,14,2,8],[0,2,12,-2,6,-12,-4,-14,-24,18,12,4,10,-4,4,10,-12,8],[0,-4,6,-6,-12,18,2,4,-14,0,10,14,6,4,20,-18,8,8],[0,-12,4,-2,-4,2,26,-2,0,-4,8,4,6,-8,0,2,0,28],[5,-7,-6,-1,-7,2,-1,24,-1,-3,-2,-11,-6,3,-3,-2,7,6],[1,0,-3,-4,-12,-7,0,-1,27,10,-9,-1,-5,-6,-9,5,0,6],[3,4,-3,1,9,0,-2,-3,10,20,-9,8,-10,7,-5,2,5,-10],[-3,1,-7,-1,6,5,4,-2,-9,-9,37,3,-4,-2,1,2,0,6],[-1,2,5,0,2,7,2,-11,-1,8,3,23,1,0,5,-5,2,14],[5,2,4,11,5,3,3,-6,-5,-10,-4,1,34,-3,-3,0,-5,4],[2,-1,0,-3,-2,2,-4,3,-6,7,-2,0,-3,26,2,-13,-18,-12],[-3,1,-1,8,2,10,0,-3,-9,-5,1,5,-3,2,29,7,10,-16],[-1,2,2,7,5,-9,1,-2,5,2,2,-5,0,-13,7,34,-3,12],[2,-3,-2,1,-6,4,0,7,0,5,0,2,-5,-18,10,-3,26,0],[0,1,1,2,2,2,7,3,3,-5,3,7,2,-6,-8,6,0,34]],66 : [[6]]}