{1 : [[27,7,10,8,21,3,12,36,33,12,9,18,42,24,0,24,24,18,24,12,24,12],[7,57,8,4,18,12,6,6,18,21,9,24,24,12,12,18,6,36,12,18,36,36],[5,4,32,8,9,12,6,9,9,9,30,15,45,21,24,24,27,30,15,24,36,6],[4,2,8,32,27,27,6,9,15,12,12,15,9,9,30,21,48,18,21,27,30,18],[7,6,6,18,54,20,9,8,8,11,9,6,32,8,14,20,12,30,8,18,68,28],[1,4,8,18,20,46,8,5,14,10,8,26,20,28,12,24,14,8,16,22,28,60],[4,2,4,4,9,8,43,15,10,8,13,24,18,44,22,12,28,14,18,36,20,44],[12,2,6,6,8,5,15,35,5,13,13,26,10,20,22,40,18,18,36,14,28,48],[11,6,6,10,8,14,10,5,46,12,10,16,14,20,30,14,20,20,26,18,36,48],[4,7,6,8,11,10,8,13,12,60,9,22,18,16,26,18,12,24,26,18,36,36],[3,3,20,8,9,8,13,13,10,9,42,30,2,16,16,22,22,20,20,18,36,60],[3,4,5,5,3,13,12,13,8,11,15,56,11,26,27,18,21,31,15,19,44,40],[7,4,15,3,16,10,9,5,7,9,1,11,56,24,35,18,25,27,13,21,40,44],[4,2,7,3,4,14,22,10,10,8,8,26,24,57,12,21,27,10,34,9,46,42],[0,2,8,10,7,6,11,11,15,13,8,27,35,12,56,19,17,12,24,21,46,40],[4,3,8,7,10,12,6,20,7,9,11,18,18,21,19,63,21,22,13,22,52,34],[4,1,9,16,6,7,14,9,10,6,11,21,25,27,17,21,62,14,16,20,44,40],[3,6,10,6,15,4,7,9,10,12,10,31,27,10,12,22,14,62,28,22,34,46],[4,2,5,7,4,8,9,18,13,13,10,15,13,34,24,13,16,28,50,22,48,44],[2,3,8,9,9,11,18,7,9,9,9,19,21,9,21,22,20,22,22,60,50,40],[2,3,6,5,17,7,5,7,9,9,9,22,20,23,23,26,22,17,24,25,76,43],[1,3,1,3,7,15,11,12,12,9,15,20,22,21,20,17,20,23,22,20,43,83]],2 : [[26,-15],[-15,11]],71 : [[6,-3],[-3,3]],142 : [[9,-5,6,8,-15,-3,0,-12,33,12,3,6,-42,-12,0,24,-12,6,-12,-12,0,12],[-5,43,-4,0,6,0,-6,6,0,-9,-9,0,12,0,0,-18,6,-12,0,18,12,-12],[3,-2,24,-2,3,-6,-6,3,3,-3,24,3,-3,-9,12,6,-27,-30,-9,-12,-12,-6],[4,0,-2,18,21,21,6,3,-9,-6,6,-9,-3,-9,24,3,12,12,-9,-3,-6,6],[-5,2,2,14,26,16,5,0,-2,-5,-5,-6,20,-8,2,4,-4,-10,0,-2,20,12],[-1,0,-4,14,16,24,-2,3,-6,-4,0,14,-16,12,-4,4,-2,8,4,-10,-4,-4],[0,-2,-4,4,5,-2,29,-3,2,-4,7,-24,10,0,-2,4,24,6,2,-12,-4,-4],[-4,2,2,2,0,3,-3,17,5,-3,1,2,6,0,22,-24,-6,6,-4,2,12,32],[11,0,2,-6,-2,-6,2,5,32,8,2,-8,10,0,-2,-14,0,-4,-2,2,-12,-8],[4,-3,-2,-4,-5,-4,-4,-3,8,40,-7,-2,-10,-8,-6,-2,-8,0,2,2,-4,-4],[1,-3,16,4,-5,0,7,1,2,-7,26,-6,-2,0,4,2,10,16,-12,-2,-4,4],[1,0,1,-3,-3,7,-12,1,-4,-1,-3,28,-5,12,11,0,-9,-5,3,-15,20,0],[-7,2,-1,-1,10,-8,5,3,5,-5,-1,-5,30,6,3,2,19,-23,5,7,4,4],[-2,0,-3,-3,-4,6,0,0,0,-4,0,12,6,25,-6,-5,13,6,-2,1,-6,-2],[0,0,4,8,1,-2,-1,11,-1,-3,2,11,3,-6,18,15,-1,0,-14,-5,26,4],[4,-3,2,1,2,2,2,-12,-7,-1,1,0,2,-5,15,29,-5,2,-5,-8,12,6],[-2,1,-9,4,-2,-1,12,-3,0,-4,5,-9,19,13,-1,-5,16,4,2,12,12,-8],[1,-2,-10,4,-5,4,3,3,-2,0,8,-5,-23,6,0,2,4,26,6,0,-6,10],[-2,0,-3,-3,0,2,1,-2,-1,1,-6,3,5,-2,-14,-5,2,6,18,0,8,16],[-2,3,-4,-1,-1,-5,-6,1,1,1,-1,-15,7,1,-5,-8,12,0,0,38,-10,-4],[0,1,-2,-1,5,-1,-1,3,-3,-1,-1,10,2,-3,13,6,6,-3,4,-5,32,-9],[1,-1,-1,1,3,-1,-1,8,-2,-1,1,0,2,-1,2,3,-4,5,8,-2,-9,19]]}