{1 : [[51,2,12,1,10,12,6,9,0,18,3,6,12,30,42,24,30,12,12,6,6,36,24,36],[2,64,0,0,4,6,12,12,0,18,18,30,24,12,6,6,30,36,24,12,12,12,24,36],[12,0,20,3,14,27,9,6,18,12,9,6,18,30,66,12,18,12,18,0,18,48,12,12],[1,0,3,64,2,3,6,6,9,18,18,24,30,24,18,18,24,36,30,6,12,12,24,12],[5,2,7,1,34,30,9,9,0,3,12,36,3,27,6,42,18,18,3,15,48,18,30,24],[4,2,9,1,20,32,12,11,12,7,12,14,20,22,12,18,6,14,20,14,20,10,60,48],[2,4,3,2,6,12,33,31,11,4,12,12,16,16,14,26,24,20,22,26,18,6,32,48],[3,4,2,2,6,11,31,33,12,12,4,24,22,16,18,6,12,20,16,26,14,26,48,32],[0,0,6,3,0,12,11,12,41,9,10,6,26,22,16,34,2,14,26,32,28,18,40,32],[6,6,4,6,2,7,4,12,9,29,21,16,16,20,20,14,34,24,28,16,12,38,16,40],[1,6,3,6,8,12,12,4,10,21,29,34,28,20,12,18,16,24,16,10,40,14,20,36],[1,5,1,4,12,7,6,12,3,8,17,62,11,19,9,13,24,22,34,16,26,16,44,28],[2,4,3,5,1,10,8,11,13,8,14,11,56,18,23,13,34,25,30,11,20,16,34,30],[5,2,5,4,9,11,8,8,11,10,10,19,18,64,20,20,19,16,18,19,20,20,32,32],[7,1,11,3,2,6,7,9,8,10,6,9,23,20,73,18,22,19,14,22,12,16,40,42],[4,1,2,3,14,9,13,3,17,7,9,13,13,20,18,51,18,19,24,10,22,28,62,20],[5,5,3,4,6,3,12,6,1,17,8,24,34,19,22,18,62,22,11,22,7,17,26,46],[2,6,2,6,6,7,10,10,7,12,12,22,25,16,19,19,22,50,25,20,9,9,52,32],[2,4,3,5,1,10,11,8,13,14,8,34,30,18,14,24,11,25,56,11,15,19,32,32],[1,2,0,1,5,7,13,13,16,8,5,16,11,19,22,10,22,20,11,62,12,22,46,56],[1,2,3,2,16,10,9,7,14,6,20,26,20,20,12,22,7,9,15,12,53,26,42,46],[6,2,8,2,6,5,3,13,9,19,7,16,16,20,16,28,17,9,19,22,26,43,32,56],[2,2,1,2,5,15,8,12,10,4,5,22,17,16,20,31,13,26,16,23,21,16,74,39],[3,3,1,1,4,12,12,8,8,10,9,14,15,16,21,10,23,16,16,28,23,28,39,80]],2 : [[4,1],[1,2]],37 : [[18,1],[1,18]],74 : [[49,0,-1,-6,0,-6,-3,0,-12,3,-6,0,6,-6,12,18,-12,0,6,-6,0,0,12],[0,18,1,2,-27,-9,6,-6,0,9,6,6,-6,-42,-12,-18,-12,-6,0,-6,-24,-12,-12],[-1,1,0,2,-3,0,0,3,6,18,24,-6,0,6,6,0,12,30,-6,12,0,0,12],[-3,1,1,20,24,3,-3,0,3,0,18,3,-3,-6,-12,-6,0,-3,3,18,-6,6,12],[0,-9,-1,16,22,-8,3,0,-1,-4,-6,-8,6,-12,2,2,6,-8,10,-8,-2,-20,-16],[-2,-3,0,2,-8,1,7,-3,0,0,-8,0,0,-6,-18,-24,-8,18,-2,2,-2,-8,16],[-1,2,0,-2,3,7,9,4,12,4,-4,-2,-8,2,-2,-4,-16,4,-6,6,-22,-16,0],[0,-2,1,0,0,-3,4,23,5,0,6,14,2,-4,6,-2,2,2,16,-12,10,-16,-8],[-4,0,2,2,-1,0,12,5,29,-5,4,0,-20,4,6,-6,16,8,-8,0,2,0,-16],[1,3,6,0,-4,0,4,0,-5,29,26,24,4,-4,-2,4,-16,0,-6,-4,-10,-4,4],[-1,1,4,6,-3,-4,-2,3,2,13,22,5,5,1,3,2,12,-10,-2,16,-2,-12,4],[0,1,-1,1,-4,0,-1,7,0,12,5,22,2,-3,1,10,11,-2,-11,-14,2,6,-2],[1,-1,0,-1,3,0,-4,1,-10,2,5,2,12,-2,-14,15,4,-10,3,2,-10,-8,8],[-1,-7,1,-2,-6,-3,1,-2,2,-2,1,-3,-2,51,6,4,1,4,0,2,-2,-4,6],[2,-2,1,-4,1,-9,-1,3,3,-1,3,1,-14,6,17,16,3,10,-2,0,2,10,4],[3,-3,0,-2,1,-12,-2,-1,-3,2,2,10,15,4,16,18,4,-1,6,5,-1,-2,14],[-2,-2,2,0,3,-4,-8,1,8,-8,12,11,4,1,3,4,34,-5,2,1,9,0,-8],[0,-1,5,-1,-4,9,2,1,4,0,-10,-2,-10,4,10,-1,-5,18,-5,1,1,4,12],[1,0,-1,1,5,-1,-3,8,-4,-3,-2,-11,3,0,-2,6,2,-5,36,8,-4,2,4],[-1,-1,2,6,-4,1,3,-6,0,-2,16,-14,2,2,0,5,1,1,8,39,-6,18,-6],[0,-4,0,-2,-1,-1,-11,5,1,-5,-2,2,-10,-2,2,-1,9,1,-4,-6,29,-16,-8],[0,-1,0,1,-5,-2,-4,-4,0,-1,-6,3,-4,-2,5,-1,0,2,1,9,-8,28,-1],[1,-1,1,2,-4,4,0,-2,-4,1,2,-1,4,3,2,7,-4,6,2,-3,-4,-1,28]]}