{1 : [[50,2,6,0,3,12,10,8,12,6,0,12,15,0,6,18,12,12,0,9,18,0,12,3,24,24,18,12,24,24,18,12,18],[2,23,2,0,21,6,6,6,2,20,18,0,0,18,12,12,12,18,18,18,30,12,0,18,12,24,18,0,12,24,18,0,18],[6,2,26,3,6,12,26,8,0,2,12,0,24,0,0,12,12,27,12,18,12,24,15,9,24,36,24,12,0,0,6,24,6],[0,0,3,50,9,9,8,2,8,2,18,18,0,0,12,12,12,9,12,3,0,0,3,12,24,24,18,24,24,24,0,36,24],[2,14,4,6,22,16,8,4,16,0,16,16,4,0,12,0,8,12,26,6,0,16,12,4,32,32,20,8,16,12,20,24,12],[8,4,8,6,16,18,4,8,20,4,16,16,6,6,2,12,16,20,0,2,8,12,8,0,8,20,8,12,40,36,12,28,16],[5,3,13,4,6,3,38,7,8,4,9,6,3,12,9,18,0,3,9,3,6,9,9,12,15,24,12,18,24,36,30,24,18],[4,3,4,1,3,6,7,24,7,14,12,3,15,18,15,18,6,15,15,30,15,12,6,18,12,24,33,12,6,9,15,6,12],[6,1,0,4,12,15,8,7,19,7,0,27,6,12,12,9,6,6,3,18,18,9,3,30,27,12,12,18,24,21,18,6,24],[3,10,1,1,0,3,4,14,7,27,6,9,15,15,18,6,27,12,9,6,6,9,36,3,18,12,21,30,6,18,18,18,12],[0,6,4,6,8,8,6,8,0,4,31,13,8,3,19,7,12,22,6,2,5,16,8,20,16,18,10,28,12,26,18,34,16],[4,0,0,6,8,8,4,2,18,6,13,47,6,11,17,4,9,4,4,8,18,1,6,2,16,18,32,36,14,10,16,18,34],[5,0,8,0,2,3,2,10,4,10,8,6,42,8,8,18,16,10,18,7,4,8,8,11,34,4,18,16,16,20,36,20,20],[0,6,0,0,0,3,8,12,8,10,3,11,8,46,15,10,11,6,16,12,8,23,10,12,12,4,32,10,24,22,12,28,18],[2,4,0,4,6,1,6,10,8,12,19,17,8,15,34,14,7,6,10,6,8,3,6,6,12,28,22,30,16,12,22,8,38],[6,4,4,4,0,6,12,12,6,4,7,4,18,10,14,29,16,18,18,4,5,11,14,8,10,26,6,22,14,38,8,34,8],[4,4,4,4,4,8,0,4,4,18,12,9,16,11,7,16,50,4,10,12,9,6,0,10,46,14,20,20,22,18,12,18,4],[4,6,9,3,6,10,2,10,4,8,22,4,10,6,6,18,4,28,8,16,8,18,9,5,22,12,40,16,20,14,22,12,18],[0,6,4,4,13,0,6,10,2,6,6,4,18,16,10,18,10,8,45,6,0,8,12,12,16,12,16,20,24,20,14,28,26],[3,6,6,1,3,1,2,20,12,4,2,8,7,12,6,4,12,16,6,34,14,16,16,13,12,16,30,24,28,14,24,16,12],[6,10,4,0,0,4,4,10,12,4,5,18,4,8,8,5,9,8,0,14,50,15,16,8,24,22,26,30,16,16,10,18,16],[0,4,8,0,8,6,6,8,6,6,16,1,8,23,3,11,6,18,8,16,15,41,14,14,20,26,12,20,16,14,12,14,20],[4,0,5,1,6,4,6,4,2,24,8,6,8,10,6,14,0,9,12,16,16,14,39,8,14,28,20,16,32,14,24,12,18],[1,6,3,4,2,0,8,12,20,2,20,2,11,12,6,8,10,5,12,13,8,14,8,29,22,20,10,16,12,26,18,36,24],[4,2,4,4,8,2,5,4,9,6,8,8,17,6,6,5,23,11,8,6,12,10,7,11,45,26,13,16,18,28,17,22,29],[4,4,6,4,8,5,8,8,4,4,9,9,2,2,14,13,7,6,6,8,11,13,14,10,26,49,16,20,30,16,26,20,18],[3,3,4,3,5,2,4,11,4,7,5,16,9,16,11,3,10,20,8,15,13,6,10,5,13,16,53,18,18,21,24,26,18],[2,0,2,4,2,3,6,4,6,10,14,18,8,5,15,11,10,8,10,12,15,10,8,8,16,20,18,49,24,30,22,14,16],[4,2,0,4,4,10,8,2,8,2,6,7,8,12,8,7,11,10,12,14,8,8,16,6,18,30,18,24,47,12,20,24,30],[4,4,0,4,3,9,12,3,7,6,13,5,10,11,6,19,9,7,10,7,8,7,7,13,28,16,21,30,12,40,24,18,27],[3,3,1,0,5,3,10,5,6,6,9,8,18,6,11,4,6,11,7,12,5,6,12,9,17,26,24,22,20,24,62,14,25],[2,0,4,6,6,7,8,2,2,6,17,9,10,14,4,17,9,6,14,8,9,7,6,18,22,20,26,14,24,18,14,55,16],[3,3,1,4,3,4,6,4,8,4,8,17,10,9,19,4,2,9,13,6,8,10,9,12,29,18,18,16,30,27,25,16,45]],2 : [[-11,-12,0,12],[-12,-5,6,6],[0,6,-17,18],[12,6,18,-17]],73 : [],146 : [[50,0,0,-6,4,0,-6,15,0,3,12,-3,0,18,12,18,6],[0,26,3,22,8,0,2,12,3,6,15,3,24,24,0,6,6],[0,3,50,8,-2,4,-2,0,3,3,-3,0,-12,6,12,0,0],[-3,11,4,38,-7,-2,-4,-3,3,-3,3,6,-15,-12,-6,12,12],[2,4,-1,-7,24,-7,6,9,-15,-6,0,-18,0,27,-9,-3,-12],[0,0,2,-2,-7,17,-5,0,6,18,3,6,3,-6,15,0,-18],[-3,1,-1,-4,6,-5,27,-3,6,0,-18,-3,18,-3,-6,-6,12],[5,4,0,-2,6,0,-2,42,0,3,8,-5,26,6,16,12,-8],[0,1,1,2,-10,4,4,0,28,-16,7,5,-14,-8,6,-6,14],[1,2,1,-2,-4,12,0,3,-16,22,8,13,-4,22,-6,0,-4],[4,5,-1,2,0,2,-12,8,7,8,37,4,14,8,6,4,14],[-1,1,0,4,-12,4,-2,-5,5,13,4,29,-10,-2,-18,2,20],[0,4,-2,-5,0,1,6,13,-7,-2,7,-5,41,5,2,-7,-7],[3,4,1,-4,9,-2,-1,3,-4,11,4,-1,5,33,11,0,10],[2,0,2,-2,-3,5,-2,8,3,-3,3,-9,2,11,28,-8,-1],[3,1,0,4,-1,0,-2,6,-3,0,2,1,-7,0,-8,42,1],[1,1,0,4,-4,-6,4,-4,7,-2,7,10,-7,10,-1,1,37]]}