{1 : [[26,0,24,12,0,0,8,8,30,30,0,30,0,24,8,8,0,36,0,0,0,12,24,24,0,48,0,24,24],[0,50,0,0,6,8,8,0,24,0,0,6,0,6,8,8,0,0,36,24,24,36,48,12,24,0,24,24,24],[12,0,38,12,0,2,12,2,0,12,12,0,18,0,12,16,12,12,36,36,24,0,12,0,18,6,36,36,24],[4,0,8,50,8,8,4,8,8,2,2,16,0,10,8,16,8,20,24,24,24,8,20,12,12,8,24,24,40],[0,2,0,8,34,24,0,16,10,8,8,16,4,18,0,8,0,12,20,4,0,16,12,24,24,12,40,24,56],[0,2,1,6,18,36,0,2,6,6,12,0,6,0,14,24,27,12,18,18,24,18,18,18,12,12,30,36,24],[2,2,6,3,0,0,51,7,6,6,0,6,6,6,12,14,12,12,18,18,18,12,21,6,21,21,42,36,36],[2,0,1,6,12,2,7,35,6,6,6,24,9,18,8,24,12,6,0,12,30,24,6,18,18,18,30,36,24],[5,4,0,4,5,4,4,4,36,12,13,12,0,5,12,16,20,12,24,20,20,32,16,16,20,28,20,20,16],[5,0,4,1,4,4,4,4,12,38,13,10,24,5,8,8,8,20,20,24,0,4,12,12,20,28,36,24,48],[0,0,4,1,4,8,0,4,13,13,47,5,0,13,20,12,20,20,24,16,12,16,8,24,20,20,20,40,16],[5,1,0,8,8,0,4,16,12,10,5,39,8,24,16,0,4,28,16,8,28,12,8,24,12,12,20,44,28],[0,0,6,0,2,4,4,6,0,24,0,8,38,12,16,8,18,16,8,16,32,20,18,20,8,16,40,44,16],[4,1,0,5,9,0,4,12,5,5,13,24,12,38,4,4,28,8,20,36,4,20,16,8,12,24,32,32,20],[1,1,3,3,0,7,6,4,9,6,15,12,12,3,37,8,15,27,12,12,15,18,24,15,33,30,33,15,24],[1,1,4,6,3,12,7,12,12,6,9,0,6,3,8,49,24,18,24,18,18,15,15,15,9,12,33,18,42],[0,0,2,2,0,9,4,4,10,4,10,2,9,14,10,16,63,22,14,4,27,14,16,6,16,16,32,42,32],[3,0,2,5,3,4,4,2,6,10,10,14,8,4,18,12,22,50,13,27,12,18,6,19,10,12,24,44,38],[0,3,6,6,5,6,6,0,12,10,12,8,4,10,8,16,14,13,50,11,24,10,22,16,14,6,34,46,28],[0,2,6,6,1,6,6,4,10,12,8,4,8,18,8,12,4,27,11,45,18,17,28,15,2,24,34,28,36],[0,2,4,6,0,8,6,10,10,0,6,14,16,2,10,12,27,12,24,18,45,14,18,12,22,18,30,22,32],[1,3,0,2,4,6,4,8,16,2,8,6,10,10,12,10,14,18,10,17,14,55,14,18,14,10,40,36,38],[2,4,2,5,3,6,7,2,8,6,4,4,9,8,16,10,16,6,22,28,18,14,56,22,23,5,38,36,20],[2,1,0,3,6,6,2,6,8,6,12,12,10,4,10,10,6,19,16,15,12,18,22,58,16,16,36,36,32],[0,2,3,3,6,4,7,6,10,10,10,6,4,6,22,6,16,10,14,2,22,14,23,16,58,20,18,38,44],[4,0,1,2,3,4,7,6,14,14,10,6,8,12,20,8,16,12,6,24,18,10,5,16,20,46,44,40,24],[0,1,3,3,5,5,7,5,5,9,5,5,10,8,11,11,16,12,17,17,15,20,19,18,9,22,70,32,40],[1,1,3,3,3,6,6,6,5,6,10,11,11,8,5,6,21,22,23,14,11,18,18,18,19,20,32,61,32],[1,1,2,5,7,4,6,4,4,12,4,7,4,5,8,14,16,19,14,18,16,19,10,16,22,12,40,32,78]],2 : [[4]],113 : [],226 : [[49,-5,0,-2,9,-3,-3,18,-24],[-5,17,-4,24,-6,-6,-6,-18,36],[0,-2,19,4,24,15,-12,-9,-9],[-1,12,4,29,-3,-3,-6,-9,-18],[3,-2,16,-2,38,13,-5,22,-24],[-1,-2,10,-2,13,30,8,2,2],[-1,-2,-8,-4,-5,8,16,16,24],[3,-3,-3,-3,11,1,8,30,-16],[-4,6,-3,-6,-12,1,12,-16,37]]}