{1 : [[50,5,0,0,0,5,0,0,0,0,0,0,0,0,20,0,0,0,0,20,30,0,0,0,0,0,30,60,0,0,60,0,0,0,0,120],[1,26,0,1,4,4,4,0,0,24,0,24,4,12,0,4,24,0,12,16,24,12,12,12,6,0,0,18,0,36,24,36,12,0,0,48],[0,0,28,6,1,4,1,0,0,4,24,0,12,12,16,0,0,4,24,12,0,18,0,48,0,12,0,18,24,0,12,24,24,24,0,48],[0,1,6,26,4,1,0,0,0,0,24,4,4,24,4,4,36,16,0,0,24,6,36,0,12,0,12,12,0,0,12,36,36,12,24,24],[0,4,1,4,50,0,4,1,0,6,16,12,0,12,0,0,4,0,0,4,18,12,12,0,0,24,12,0,12,24,24,36,24,24,12,48],[1,4,4,1,0,50,0,0,6,4,4,0,0,0,0,0,4,4,12,12,12,12,6,24,0,0,12,24,12,12,24,36,24,12,36,48],[0,4,1,0,4,0,32,25,10,0,0,4,4,0,24,0,0,0,0,16,12,12,12,12,0,6,18,0,36,36,12,36,24,12,0,48],[0,0,0,0,1,0,25,32,12,6,0,4,0,4,4,24,16,12,8,0,6,0,12,18,12,0,0,24,12,12,24,0,12,24,24,72],[0,0,0,0,0,3,5,6,50,3,0,2,6,6,6,8,8,12,12,6,6,21,12,0,12,3,9,6,24,24,24,18,18,30,12,48],[0,12,2,0,3,2,0,3,3,38,2,6,6,12,8,6,0,12,6,0,0,12,9,12,9,18,18,9,24,24,18,0,24,30,12,60],[0,0,6,6,4,1,0,0,0,1,51,9,3,0,6,10,0,6,4,8,9,9,0,0,6,12,12,6,30,30,30,21,24,27,33,36],[0,6,0,1,3,0,1,1,1,3,9,44,6,14,12,0,6,4,7,12,9,3,15,15,15,27,6,9,15,30,18,15,33,21,3,36],[0,1,3,1,0,0,1,0,3,3,3,6,42,16,7,3,12,4,10,6,12,9,12,6,27,9,12,9,30,27,36,12,24,6,24,24],[0,3,3,6,3,0,0,1,3,6,0,14,16,48,0,7,17,12,6,3,3,6,12,12,6,27,3,9,6,18,39,21,6,18,18,48],[1,0,4,1,0,0,6,1,3,4,6,12,7,0,44,18,1,0,9,10,6,9,6,9,9,9,9,9,36,24,15,12,18,33,21,48],[0,1,0,1,0,0,0,6,4,3,10,0,3,7,18,48,12,16,7,0,6,15,12,15,15,9,9,6,15,24,6,27,30,12,27,36],[0,6,0,9,1,1,0,4,4,0,0,6,12,17,1,12,39,12,12,6,33,9,9,6,12,3,6,3,24,24,12,21,21,9,24,42],[0,0,1,4,0,1,0,3,6,6,6,4,4,12,0,16,12,38,1,13,6,15,15,9,18,6,24,18,18,12,15,18,24,30,15,30],[0,3,6,0,0,3,0,2,6,3,4,7,10,6,9,7,12,1,33,9,9,27,6,9,9,3,0,21,18,33,24,24,9,18,33,36],[1,4,3,0,1,3,4,0,3,0,8,12,6,3,10,0,6,13,9,38,6,9,15,9,9,6,18,21,30,12,24,48,18,18,3,30],[1,4,0,4,3,2,2,1,2,0,6,6,8,2,4,4,22,4,6,4,48,14,9,3,10,16,11,10,20,18,26,18,28,24,24,36],[0,2,3,1,2,2,2,0,7,4,6,2,6,4,6,10,6,10,18,6,14,47,8,8,13,11,19,1,26,16,22,20,20,16,14,48],[0,2,0,6,2,1,2,2,4,3,0,10,8,8,4,8,6,10,4,10,9,8,54,14,12,13,12,8,20,24,18,22,22,22,12,40],[0,2,8,0,0,4,2,3,0,4,0,10,4,8,6,10,4,6,6,6,3,8,14,70,13,11,7,11,16,20,16,24,18,16,26,44],[0,1,0,2,0,0,0,2,4,3,4,10,18,4,6,10,8,12,6,6,10,13,12,13,50,15,8,11,24,12,10,12,20,26,20,48],[0,0,2,0,4,0,1,0,1,6,8,18,6,18,6,6,2,4,2,4,16,11,13,11,15,49,12,3,36,18,16,18,10,28,20,36],[1,0,0,2,2,2,3,0,3,6,8,4,8,2,6,6,4,16,0,12,11,19,12,7,8,12,43,17,14,30,16,16,34,24,16,36],[2,3,3,2,0,4,0,4,2,3,4,6,6,6,6,4,2,12,14,14,10,1,8,11,11,3,17,44,12,14,28,14,22,18,30,60],[0,0,2,0,1,1,3,1,4,4,10,5,10,2,12,5,8,6,6,10,10,13,10,8,12,18,7,6,59,20,27,13,18,21,26,42],[0,3,0,0,2,1,3,1,4,4,10,10,9,6,8,8,8,4,11,4,9,8,12,10,6,9,15,7,20,57,14,25,19,27,18,48],[1,2,1,1,2,2,1,2,4,3,10,6,12,13,5,2,4,5,8,8,13,11,9,8,5,8,8,14,27,14,72,14,16,21,22,46],[0,3,2,3,3,3,3,0,3,0,7,5,4,7,4,9,7,6,8,16,9,10,11,12,6,9,8,7,13,25,14,71,23,23,26,40],[0,1,2,3,2,2,2,1,3,4,8,11,8,2,6,10,7,8,3,6,14,10,11,9,10,5,17,11,18,19,16,23,68,19,23,38],[0,0,2,1,2,1,1,2,5,5,9,7,2,6,11,4,3,10,6,6,12,8,11,8,13,14,12,9,21,27,21,23,19,55,22,42],[0,0,0,2,1,3,0,2,2,2,11,1,8,6,7,9,8,5,11,1,12,7,6,13,10,10,8,15,26,18,22,26,23,22,71,32],[1,2,2,1,2,2,2,3,4,5,6,6,4,8,8,6,7,5,6,5,9,12,10,11,12,9,9,15,21,24,23,20,19,21,16,84]],223 : [[-28]]}