{1 : [[50,0,12,0,12,0,4,12,4,18,0,0,24,24,24,24,12,12,24,0,24,48,72],[0,55,5,0,0,12,12,4,0,24,0,4,8,18,36,24,48,24,24,12,24,18,48],[6,5,21,6,4,0,12,16,12,48,0,20,28,12,12,36,24,0,12,24,12,30,60],[0,0,6,28,0,6,14,12,16,6,36,24,12,18,54,30,12,24,42,24,12,0,24],[3,0,2,0,44,7,0,13,18,12,12,20,20,36,30,6,24,12,6,30,15,24,66],[0,6,0,3,7,34,18,1,12,12,15,32,26,54,18,18,42,6,24,6,18,18,30],[1,6,6,7,0,18,41,18,9,6,6,18,6,0,12,30,42,18,36,18,48,24,30],[3,2,8,6,13,1,18,32,0,0,6,12,2,48,15,12,12,42,24,36,24,18,66],[1,0,6,8,18,12,9,0,40,12,12,18,18,18,24,24,18,30,36,24,24,30,18],[3,8,16,2,8,8,4,0,8,51,12,16,16,14,24,32,24,32,24,20,16,18,44],[0,0,0,12,8,10,4,4,8,12,52,16,16,28,12,30,18,28,22,18,30,20,52],[0,1,5,6,10,16,9,6,9,12,12,55,19,21,24,24,12,18,18,36,21,15,51],[3,2,7,3,10,13,3,1,9,12,12,19,39,33,21,30,18,30,21,21,18,39,36],[2,3,2,3,12,18,0,16,6,7,14,14,22,55,18,12,16,20,22,28,32,20,58],[2,6,2,9,10,6,4,5,8,12,6,16,14,18,77,19,26,28,19,30,17,22,44],[2,4,6,5,2,6,10,4,8,16,15,16,20,12,19,64,26,18,22,20,27,14,64],[1,8,4,2,8,14,14,4,6,12,9,8,12,16,26,26,65,23,18,26,22,24,52],[1,4,0,4,4,2,6,14,10,16,14,12,20,20,28,18,23,68,32,26,18,20,40],[2,4,2,7,2,8,12,8,12,12,11,12,14,22,19,22,18,32,64,16,25,30,46],[0,2,4,4,10,2,6,12,8,10,9,24,14,28,30,20,26,26,16,69,20,22,38],[2,4,2,2,5,6,16,8,8,8,15,14,12,32,17,27,22,18,25,20,57,38,42],[4,3,5,0,8,6,8,6,10,9,10,10,26,20,22,14,24,20,30,22,38,61,44],[3,4,5,2,11,5,5,11,3,11,13,17,12,29,22,32,26,20,23,19,21,22,84]],3 : [],67 : [],201 : [[45,-3,0,-4,-8,-6,-12,18,0],[-3,-3,-48,-20,20,12,24,-6,60],[0,-16,31,-8,16,-6,8,-18,-4],[-1,-5,-6,21,7,-15,18,3,33],[-2,5,12,7,13,-27,-9,-21,24],[-1,2,-3,-10,-18,17,16,-18,22],[-2,4,4,12,-6,16,29,-2,-14],[3,-1,-9,2,-14,-18,-2,25,24],[0,5,-1,11,8,11,-7,12,32]]}