{1 : [[64,14,12,8,0,0,6,0,0,24,8,0,24,24,24,24,48,48,72],[7,50,0,1,4,0,12,24,16,12,16,4,16,16,30,24,36,60,72],[6,0,33,25,0,16,0,4,16,28,0,28,16,36,12,54,18,60,48],[4,1,25,36,12,12,6,16,16,12,40,12,28,0,54,0,18,72,36],[0,2,0,6,53,9,21,14,18,6,38,24,18,2,27,33,45,36,48],[0,0,8,6,9,50,15,18,18,20,24,26,8,24,21,33,18,60,42],[1,4,0,2,14,10,55,16,24,28,20,20,12,20,12,40,22,28,72],[0,6,1,4,7,9,12,82,18,23,24,9,22,18,33,24,18,39,51],[0,4,4,4,9,9,18,18,57,15,18,22,20,16,39,12,24,60,51],[3,3,7,3,3,10,21,23,15,66,14,19,24,30,9,24,3,51,72],[1,4,0,10,19,12,15,24,18,14,65,7,15,25,18,36,24,45,48],[0,1,7,3,12,13,15,9,22,19,7,63,15,25,24,27,21,63,54],[3,4,4,7,9,4,9,22,20,24,15,15,56,1,39,27,39,57,45],[3,4,9,0,1,12,15,18,16,30,25,25,1,49,42,27,36,45,42],[2,5,2,9,9,7,6,22,26,6,12,16,26,28,59,31,28,50,56],[2,4,9,0,11,11,20,16,8,16,24,18,18,18,31,66,30,54,44],[4,6,3,3,15,6,11,12,16,2,16,14,26,24,28,30,62,60,62],[2,5,5,6,6,10,7,13,20,17,15,21,19,15,25,27,30,103,54],[3,6,4,3,8,7,18,17,17,24,16,18,15,14,28,22,31,54,95]],139 : []}